3,1
3,3
10,7
10,8
10,211
10,117
10,210
10,212
10,304
10,2
10,3
11,10
8,16
8,13
8,12
8,8
8,15
8,7
20,3
20,2
20,1
19,3
19,2
19,1
17,3
17,2
17,1
16,3
16,2
18,1
16,1
15,3
18,3
15,2
15,1
14,2
13,2
12,3
12,2
12,1
11,30
11,29
11,28
11,27
11,26
11,25
11,24
11,23
11,22
11,21
11,20
11,19
11,18
11,17
11,16
11,15
11,14
11,13
11,12
11,11
11,9
11,7
11,6
11,4
11,3
11,2
11,1
10,276
10,271
10,267
10,214
10,202
10,103
10,100
10,13
10,12
10,1
10,10
9,7
9,1
9,5
9,3
9,2
8,17
8,14
8,6
8,5
8,1
8,4
8,3
2,2
2,1
8,2
2,3
3,2
0,0
13,1
13,3
